  0   0   0   0   0   0   0   0   0   0   0   0   0   0   0   0
  0   0   0   0   0   0   0   0   0   0   0   0   0   0   0   0
  0   0   0   0   0   0   0   0   0   0   0   0   0   0   0   0
  0  74  51   0   0   0   0   0   0   0   0   0   0  51  75  77
  0 105  79   0   0   0   0   0   0   0   0   0  70 108  23   0
  0 103 110 112  72   4  73  96   0  52  71  84  40 105   0   0
  0   0  73  69  41  67  51  90   0 107  87  93  73 128   0   0
  0   0   0   0  92  84  70  67  92 111  90   0   0   0   0   0
  0   0   0   0   0   9 110  89 105   0   0   0   0   0   0   0
  0   0   0   0   0   0 125 131  65   0   0   0   0   0   0   0
  0   0   0   0   0   0   5  35  20   0   0   0   0   0   0   0
  0   0   0   0   0   0   0   5   0   0   0   0   0   0   0   0
  0   0   0   0   0   0   0   4   0   0   0   0   0   0   0   0
  0   0   0   0   0   0   0   0   0   0   0   0   0   0   0   0
  0   0   0   0   0   0   0   0   0   0   0   0   0   0   0   0
  0   0   0   0   0   0   0   0   0   0   0   0   0   0   0   0
  0   0   0   0   0   0   0   0   0   0   0   0   0   0   0   0
  0   0   0   0   0   0   0   0   0   0   0   0   0   0   0   0
  0   0   0   0   0   0   0   0   0   0   0   0   0   0   0   0
  0 125 102   0   0   0   0   0   0   0   0   0   0 153 134 131
  0 173 139   0   0   0   0   0   0   0   0   0 122 179  43   0
  0 173 187 187 123   7 109 175   0  87 116 146  67 180   0   0
  0   0 122 119  69 112  85 151   0 177 144 157 122 211   0   0
  0   0   0   0 153 139 116 113 154 185 150   0   0   0   0   0
  0   0   0   0   0  17 184 146 174   0   0   0   0   0   0   0
  0   0   0   0   0   0 208 218 110   0   0   0   0   0   0   0
  0   0   0   0   0   0 206 211  39   0   0   0   0   0   0   0
  0   0   0   0   0   0   0  39   0   0   0   0   0   0   0   0
  0   0   0   0   0   0   0  18   0   0   0   0   0   0   0   0
  0   0   0   0   0   0   0   0   0   0   0   0   0   0   0   0
  0   0   0   0   0   0   0   0   0   0   0   0   0   0   0   0
  0   0   0   0   0   0   0   0   0   0   0   0   0   0   0   0
  0   0   0   0   0   0   0   0   0   0   0   0   0   0   0   0
  0   0   0   0   0   0   0   0   0   0   0   0   0   0   0   0
  0   0   0   0   0   0   0   0   0   0   0   0   0   0   0   0
  0 238 255   0   0   0   0   0   0   0   0   0   0 255 232 224
  0 228 242   0   0   0   0   0   0   0   0   0 240 235  77   0
  0 249 247 250 239  15 182 239   0 143 228 244  90 225   0   0
  0   0 153 206 143 233 150 236   0 248 241 246 191 255   0   0
  0   0   0   0 195 240 223 234 220 251 207   0   0   0   0   0
  0   0   0   0   0  24 251 240 246   0   0   0   0   0   0   0
  0   0   0   0   0   0 255 254 136   0   0   0   0   0   0   0
  0   0   0   0   0   0 253 251  39   0   0   0   0   0   0   0
  0   0   0   0   0   0   0 102   0   0   0   0   0   0   0   0
  0   0   0   0   0   0   0  79   0   0   0   0   0   0   0   0
  0   0   0   0   0   0   0   0   0   0   0   0   0   0   0   0
  0   0   0   0   0   0   0   0   0   0   0   0   0   0   0   0
  0   0   0   0   0   0   0   0   0   0   0   0   0   0   0   0

  0   0   0  77   0   0   0   0   0   0   0   0   0   0   0   0
  0   0   0  75  23   0   0   0   0   0   0   0   0   0   0   0
  0   0   0  51 108 105 128   0   0   0   0   0   0   0   0   0
  0   0   0   0  70  40  73   0   0   0   0   0   0   0   0   0
  0   0   0   0   0  84  93   0   0   0   0   0   0   0   0   0
  0   0   0   0   0  71  87  90   0   0   0   0   0   0   0   0
  0   0   0   0   0  52 107 111   0   0   0   0   0   0   0   0
  0   0   0   0   0   0   0  92 105  65  20   0   0   0   0   0
  0   0   0   0   0  96  90  67  89 131  35   5   4   0   0   0
  0   0   0   0   0  73  51  70 110 125   5   0   0   0   0   0
  0   0   0   0   0   4  67  84   9   0   0   0   0   0   0   0
  0   0   0   0   0  72  41  92   0   0   0   0   0   0   0   0
  0   0   0   0   0 112  69   0   0   0   0   0   0   0   0   0
  0   0   0  51  79 110  73   0   0   0   0   0   0   0   0   0
  0   0   0  74 105 103   0   0   0   0   0   0   0   0   0   0
  0   0   0   0   0   0   0   0   0   0   0   0   0   0   0   0
  0   0   0 131   0   0   0   0   0   0   0   0   0   0   0   0
  0   0   0 134  43   0   0   0   0   0   0   0   0   0   0   0
  0   0   0 153 179 180 211   0   0   0   0   0   0   0   0   0
  0   0   0   0 122  67 122   0   0   0   0   0   0   0   0   0
  0   0   0   0   0 146 157   0   0   0   0   0   0   0   0   0
  0   0   0   0   0 116 144 150   0   0   0   0   0   0   0   0
  0   0   0   0   0  87 177 185   0   0   0   0   0   0   0   0
  0   0   0   0   0   0   0 154 174 110  39   0   0   0   0   0
  0   0   0   0   0 175 151 113 146 218 211  39  18   0   0   0
  0   0   0   0   0 109  85 116 184 208 206   0   0   0   0   0
  0   0   0   0   0   7 112 139  17   0   0   0   0   0   0   0
  0   0   0   0   0 123  69 153   0   0   0   0   0   0   0   0
  0   0   0   0   0 187 119   0   0   0   0   0   0   0   0   0
  0   0   0 102 139 187 122   0   0   0   0   0   0   0   0   0
  0   0   0 125 173 173   0   0   0   0   0   0   0   0   0   0
  0   0   0   0   0   0   0   0   0   0   0   0   0   0   0   0
  0   0   0 224   0   0   0   0   0   0   0   0   0   0   0   0
  0   0   0 232  77   0   0   0   0   0   0   0   0   0   0   0
  0   0   0 255 235 225 255   0   0   0   0   0   0   0   0   0
  0   0   0   0 240  90 191   0   0   0   0   0   0   0   0   0
  0   0   0   0   0 244 246   0   0   0   0   0   0   0   0   0
  0   0   0   0   0 228 241 207   0   0   0   0   0   0   0   0
  0   0   0   0   0 143 248 251   0   0   0   0   0   0   0   0
  0   0   0   0   0   0   0 220 246 136  39   0   0   0   0   0
  0   0   0   0   0 239 236 234 240 254 251 102  79   0   0   0
  0   0   0   0   0 182 150 223 251 255 253   0   0   0   0   0
  0   0   0   0   0  15 233 240  24   0   0   0   0   0   0   0
  0   0   0   0   0 239 142 195   0   0   0   0   0   0   0   0
  0   0   0   0   0 250 206   0   0   0   0   0   0   0   0   0
  0   0   0 255 242 246 153   0   0   0   0   0   0   0   0   0
  0   0   0 238 228 249   0   0   0   0   0   0   0   0   0   0
  0   0   0   0   0   0   0   0   0   0   0   0   0   0   0   0

  0   0   0   0   0   0   0   0   0   0   0   0   0   0   0   0
  0   0   0   0   0   0   0   0   0   0   0   0   0   0   0   0
  0   0   0   0   0   0   0   0   0   0   0   0   0   0   0   0
  0   0   0   0   0   0   0   0   3   0   0   0   0   0   0   0
  0   0   0   0   0   0   0   0   5   0   0   0   0   0   0   0
  0   0   0   0   0   0   0   9  29   0   0   0   0   0   0   0
  0   0   0   0   0   0  16  95 108  71   0   0   0   0   0   0
  0   0   0   0  18  26  75  94  89  80  70  66   0   0   0   0
  0   0   0  66  78  87 103  98  68  70  81  90  59   0   0   0
  0  32  81  81  79  87  90  85  80  49  67  71  76  86  30   0
  0  49  61  81  71  70  65   0  85  29  50  69  87  63  67   0
 23  79 102  62  26   0   0   0   0   0   0   0  38  74  72   0
 41  60  21   0   0   0   0   0   0   0   0   0   0  21  47  10
  0  14   0   0   0   0   0   0   0   0   0   0   0   0   0   0
  0   0   0   0   0   0   0   0   0   0   0   0   0   0   0   0
  0   0   0   0   0   0   0   0   0   0   0   0   0   0   0   0
  0   0   0   0   0   0   0   0   0   0   0   0   0   0   0   0
  0   0   0   0   0   0   0   0   0   0   0   0   0   0   0   0
  0   0   0   0   0   0   0   0   0   0   0   0   0   0   0   0
  0   0   0   0   0   0   0   0  50   0   0   0   0   0   0   0
  0   0   0   0   0   0  71 119 123   0   0   0   0   0   0   0
  0   0   0   0   0   0 117 113  92 114   0   0   0   0   0   0
  0   0   0   0   0   0  48 159 182 125   0   0   0   0   0   0
  0   0   0   0  35  47 128 158 148 137 121 116   0   0   0   0
  0   0   0 113 134 146 173 164 114 119 138 152 103  36   0   0
  0  64 142 140 134 145 152 145 134  83 112 119 133 147  60   0
  0  89 108 136 125 118 109 128 149  59  87 118 147 108 118   0
 46 134 173 110  51   0   0   0   0   0   0   0  72 130 129  46
 74 106  64   0   0   0   0   0   0   0   0   0   0  53  86  39
 36  28   0   0   0   0   0   0   0   0   0   0   0   0   0   0
  0   0   0   0   0   0   0   0   0   0   0   0   0   0   0   0
  0   0   0   0   0   0   0   0   0   0   0   0   0   0   0   0
  0   0   0   0   0   0   0   0   0   0   0   0   0   0   0   0
  0   0   0   0   0   0   0   0   0   0   0   0   0   0   0   0
  0   0   0   0   0   0   0   0   0   0   0   0   0   0   0   0
  0   0   0   0   0   0   0  26 146   0   0   0   0   0   0   0
  0   0   0   0   0   0 142 165 190  59   0   0   0   0   0   0
  0   0   0   0   0   0 146 135 113 148   0   0   0   0   0   0
  0   0   0   0   0   0  48 194 223 146   0   0   0   0   0   0
  0   0   0   0  53  62 172 229 234 200 173 156   0   0   0   0
  0   0   0 132 169 217 236 239 231 231 238 204 129  36   0   0
  0  96 201 201 194 236 215 195 218 178 234 218 206 196  75   0
  0 148 167 183 221 226 187 128 212 137 187 220 205 153 172  85
 70 185 237 206 128   0   0   0   0   0   0   0 144 221 190 100
132 183 128   0   0   0   0   0   0   0   0   0   0 128 181 118
 73  71   0   0   0   0   0   0   0   0   0   0   0   0   0   0
  0   0   0   0   0   0   0   0   0   0   0   0   0   0   0   0
  0   0   0   0   0   0   0   0   0   0   0   0   0   0   0   0

  0   0   0   0   0   0   0   0   0   0  85   9  20   0   0   0
  0   0   0   0   0   0   0   0   0  28  70  72  49   0   0   0
  0   0   0   0   0   0   0   0  32  88  63  76  32   0   0   0
  0   0   0   0   0   0   0   0  62  78  88  38   0   0   0   0
  0   0   0   0   0   0   0  69  92  70  69   0   0   0   0   0
  0   0   0   0   0   0   0  71  81  67  50   0   0   0   0   0
  0   0   0   0   0   7  74  81  71  52  38   0   0   0   0   0
  0   0   0   7   5  29 108  88  68  80  85   0   0   0   0   0
  0   0   0   0   4   9  96  95  98  88  85   0   0   0   0   0
  0   0   0   0   7   0  30  77 104  92  65   0   0   0   0   0
  0   0   0   0   0   0   0  31  87  86  71   0   0   0   0   0
  0   0   0   0   0   0   0  26  80  78  72  36   0   0   0   0
  0   0   0   0   0   0   0   0  66  82  81  63   0   0   0   0
  0   0   0   0   0   0   0   0   0  83  62 103  39   0   0   0
  0   0   0   0   0   0   0   0   0  64  53  81  60  28   0   0
  0   0   0   0   0   0   0   0   0   0   0  46  48  32   0   0
  0   0   0   0   0   0   0   0   0   0  85  44  49   0   0   0
  0   0   0   0   0   0   0   0   0  57 118 131  86   0   0   0
  0   0   0   0   0   0   0   0  32 147 109 130  53   0   0   0
  0   0   0   0   0   0   0   0 106 134 148  72   0   0   0   0
  0   0   0   0   0   0   0 114 154 120 119   0   0   0   0   0
  0   0   0   0   0   0   0 122 138 112  87   0   0   0   0   0
  0   0   0   0  18 111 122 137 119  86  66   0   0   0   0   0
  0   0   0  50 122  95 182 148 114 134 149   0   0   0   0   0
  0   0   0  26 122 115 160 159 164 148  85   0   0   0   0   0
  0   0   0   0  71 124  45 130 174 154 112   0   0   0   0   0
  0   0   0   0   0   0   0  52 147 146 118   0   0   0   0   0
  0   0   0   0   0   0   0  34 132 135 125  61   0   0   0   0
  0   0   0   0   0   0   0   0 113 139 136 112   0   0   0   0
  0   0   0   0   0   0   0   0   0 141 108 173  78   0   0   0
  0   0   0   0   0   0   0   0   0  96  88 134 107  42   0   0
  0   0   0   0   0   0   0   0   0   0   0  70  80  32   0   0
  0   0   0   0   0   0   0   0   0   0  85  97 128   0   0   0
  0   0   0   0   0   0   0   0   0  71 174 190 181  51   0   0
  0   0   0   0   0   0   0   0  32 196 154 221 128   0   0   0
  0   0   0   0   0   0   0   0 131 207 206 149   0   0   0   0
  0   0   0   0   0   0   0 154 204 217 220   0   0   0   0   0
  0   0   0   0   0   0   0 174 239 234 188   0   0   0   0   0
  0   0   0   0  55 144 149 200 232 181 132   0   0   0   0   0
  0   0   0 149 189 111 224 235 231 218 212   0   0   0   0   0
  0   0   0  26 169 135 196 229 240 198 170   0   0   0   0   0
  0   0   0   0 142 153  45 172 236 218 190   0   0   0   0   0
  0   0   0   0   0   0   0  68 218 236 226   0   0   0   0   0
  0   0   0   0   0   0   0  51 168 194 221 121   0   0   0   0
  0   0   0   0   0   0   0   0 142 201 183 204   0   0   0   0
  0   0   0   0   0   0   0   0   0 199 167 235 118   0   0   0
  0   0   0   0   0   0   0   0   0 128 149 185 184  71   0   0
  0   0   0   0   0   0   0   0   0   0   0  93 135  64   0   0
